0.51287190
0.51293150
0.51293150
0.51293150
0.51296130
0.51299110
0.51299110
0.51299110
0.51302090
0.51302090
0.51305070
0.51305070
0.51308050
0.51308050
0.51308050
0.51308050
0.51308050
0.51308050
0.51308050
0.51308050
0.51308050
0.51308050
0.51308050
0.51308050
0.51311030
0.51311030
0.51314010
0.51314010
0.51314010
0.51316990
0.51316990
0.51316990
0.51316990
0.51316990
0.51316990
0.51316990
0.51316990
0.51316990
0.51316990
0.51319970
0.51319970
0.51319970
0.51319970
0.51319970
0.51319970
0.51322950
0.51322950
0.51322950
0.51322950
0.51322950
0.51322950
0.51322950
0.51322950
0.51322950
0.51322950
0.51322950
0.51322950
0.51322950
0.51322950
0.51322950
0.51322950
0.51325930
0.51325930
0.51325930
0.51325930
0.51325930
0.51325930
0.51325930
0.51325930
0.51325930
0.51325930
0.51325930
0.51325930
0.51328910
0.51328910
0.51328910
0.51328910
0.51328910
0.51328910
0.51328910
0.51328910
0.51331890
0.51331890
0.51331890
0.51331890
0.51331890
0.51331890
0.51331890
0.51331890
0.51331890
0.51331890
0.51331890
0.51331890
0.51331890
0.51331890
0.51334870
0.51334870
0.51334870
0.51334870
0.51334870
0.51337850
0.51337850
0.51337850
0.51337850
0.51337850
0.51337850
0.51337850
0.51337850
0.51337850
0.51337850
0.51337850
0.51337850
0.51337850
0.51337850
0.51337850
0.51337850
0.51340830
0.51340830
0.51340830
0.51340830
0.51340830
0.51340830
0.51340830
0.51340830
0.51340830
0.51340830
0.51340830
0.51343810
0.51343810
0.51343810
0.51343810
0.51343810
0.51343810
0.51343810
0.51343810
0.51343810
0.51346790
0.51346790
0.51346790
0.51346790
0.51349770
0.51349770
0.51349770
0.51349770
0.51349770
0.51349770
0.51349770
0.51352750
0.51352750
0.51352750
0.51352750
0.51352750
0.51352750
0.51352750
0.51352750
0.51352750
0.51352750
0.51352750
0.51352750
0.51352750
0.51355730
0.51355730
0.51355730
0.51355730
0.51355730
0.51355730
0.51355730
0.51355730
0.51355730
0.51355730
0.51355730
0.51355730
0.51355730
0.51358710
0.51358710
0.51358710
0.51358710
0.51358710
0.51358710
0.51358710
0.51358710
0.51361690
0.51364680
0.51364680
0.51364680
0.51364680
0.51364680
0.51367660
0.51367660
0.51370640
0.51370640
0.51370640
0.51370640
0.51370640
0.51373620
0.51373620
0.51373620
0.51373620
0.51373620
0.51382560